2 0 496 326 432 181
2 1 223 182 297 362
2 2 146 192 215 335
2 3 56 197 113 357
2 4 98 182 139 352
3 0 434 187 500 322
3 1 233 186 303 362
3 2 151 195 214 335
3 3 125 358 62 190
3 4 98 179 151 352
4 0 435 179 502 325
4 1 239 194 307 357
4 2 163 191 223 335
4 3 67 190 128 361
4 4 99 179 155 354
5 0 437 186 509 324
5 1 247 186 310 362
5 2 172 200 225 334
5 3 134 354 68 194
5 4 99 174 158 360
6 0 442 182 514 322
6 1 247 185 317 358
6 2 176 187 233 331
6 3 68 194 150 356
6 4 107 172 162 353
6 5 37 352 -22 181
7 0 449 186 514 321
7 1 246 182 330 360
7 2 181 195 236 330
7 3 150 348 81 192
7 4 116 181 174 351
7 5 43 352 8 182
8 0 465 187 515 326
8 1 264 187 328 361
8 2 187 195 242 325
8 3 86 195 163 357
8 4 119 177 185 351
8 5 42 349 3 187
9 0 467 190 519 322
9 1 271 182 335 358
9 2 188 191 246 328
9 3 164 356 98 187
9 4 44 354 3 185
10 0 471 178 524 328
10 1 279 182 331 357
10 2 195 185 248 330
10 3 100 190 173 360
10 4 47 352 3 182
11 0 472 179 527 321
11 1 282 182 337 361
11 2 255 330 209 182
11 3 172 359 104 185
11 4 43 352 -8 187
12 0 473 181 540 329
12 1 288 177 344 358
12 2 211 187 268 331
12 3 108 185 178 358
12 4 44 353 -8 182
13 0 479 183 548 330
13 1 297 185 349 356
13 2 277 331 219 185
13 3 185 354 123 178
13 4 52 354 0 181
14 0 490 174 547 329
14 1 303 178 362 358
14 2 219 185 280 330
14 3 127 188 190 357
14 4 61 352 3 183
15 0 555 329 494 178
15 1 306 176 374 357
15 2 291 324 225 190
15 3 196 357 130 186
15 4 59 348 3 185
16 0 504 181 560 321
16 1 311 186 376 352
16 2 229 190 294 326
16 3 134 183 206 354
16 4 71 356 10 183
17 0 502 177 560 324
17 1 314 185 388 353
17 2 303 328 236 191
17 3 209 349 132 194
17 4 81 352 11 180
18 0 510 185 565 322
18 1 320 188 397 357
18 2 241 190 302 326
18 3 149 197 220 360
18 4 88 352 6 187
19 0 513 185 571 330
19 1 324 179 397 356
19 2 307 326 252 188
19 3 228 345 154 195
19 4 82 347 14 186
20 0 328 183 403 353
20 1 255 186 311 326
20 2 160 199 233 353
20 3 22 187 86 351
20 4 583 324 510 180
21 0 342 177 398 358
21 1 316 326 266 182
21 2 239 352 167 191
21 3 91 351 21 183
21 4 514 179 580 322
22 0 527 176 580 329
22 1 345 178 404 356
22 2 265 185 320 328
22 3 169 188 234 352
22 4 24 185 90 345
22 5 29 353 -4 183
23 0 533 183 582 325
23 1 351 177 412 353
23 2 325 330 278 174
23 3 245 353 176 190
23 4 95 347 33 188
23 5 35 354 -8 180
24 0 538 177 584 325
24 1 349 171 418 352
24 2 278 181 337 326
24 3 181 192 243 354
24 4 37 191 94 347
24 5 42 351 -9 178
25 0 598 322 547 174
25 1 363 172 423 351
25 2 343 329 289 178
25 3 254 353 187 185
25 4 100 348 35 182
25 5 42 347 0 183
26 0 548 176 601 326
26 1 370 171 432 357
26 2 289 179 354 330
26 3 187 182 262 354
26 4 40 194 104 347
26 5 58 349 -3 180
27 0 550 178 608 325
27 1 374 176 442 356
27 2 361 326 300 187
27 3 269 352 202 182
27 4 107 344 51 183
27 5 62 347 0 185
28 0 559 186 611 328
28 1 381 182 449 354
28 2 301 187 370 325
28 3 208 185 266 354
28 4 53 190 104 343
28 5 5 187 68 347
29 0 562 182 624 322
29 1 395 182 454 352
29 2 370 325 312 183
29 3 275 356 214 183
29 4 113 343 65 186
29 5 79 348 5 185
30 0 565 190 619 329
30 1 395 176 463 349
30 2 315 188 375 325
30 3 218 186 285 358
30 4 65 186 121 347
30 5 14 187 79 343
31 0 568 192 625 326
31 1 402 176 467 348
31 2 381 322 328 190
31 3 291 347 227 190
31 4 126 347 68 190
31 5 88 348 21 182
31 6 601 164 662 361
32 0 571 185 626 325
32 1 403 173 464 351
32 2 328 190 386 326
32 3 228 190 300 344
32 4 72 186 136 353
32 5 26 187 89 347
32 6 594 162 656 356
33 0 412 177 477 353
33 1 386 326 338 185
33 2 310 343 229 186
33 3 141 349 80 182
33 4 91 347 30 177
33 5 589 157 661 360
34 0 414 178 479 352
34 1 337 185 399 328
34 2 247 194 305 351
34 3 80 186 149 347
34 4 42 191 99 344
34 5 3 194 58 347
34 6 585 157 663 360
35 0 426 173 487 349
35 1 399 326 351 181
35 2 314 345 248 188
35 3 155 345 90 186
35 4 104 345 45 180
35 5 11 188 57 348
35 6 577 157 651 360
36 0 425 174 492 349
36 1 351 182 405 324
36 2 252 190 310 348
36 3 97 188 155 349
36 4 47 179 109 347
36 5 10 185 62 342
36 6 569 157 633 360
37 0 431 173 501 345
37 1 405 324 361 182
37 2 321 347 257 185
37 3 165 345 89 185
37 4 111 347 62 186
37 5 12 190 68 344
37 6 624 354 559 162
38 0 437 172 494 345
38 1 361 182 425 325
38 2 269 185 322 353
38 3 228 173 293 347
38 4 99 186 162 348
38 5 63 182 118 345
38 6 15 185 66 342
38 7 559 157 617 362
39 0 446 171 510 351
39 1 425 325 371 185
39 2 330 348 270 177
39 3 239 181 296 348
39 4 168 340 104 187
39 5 125 347 72 178
39 6 17 185 74 345
39 7 619 358 540 160
40 0 458 178 513 354
40 1 371 186 437 322
40 2 277 181 333 349
40 3 245 177 301 348
40 4 105 188 169 348
40 5 74 179 139 343
40 6 19 182 82 347
40 7 537 158 607 357
41 0 462 168 520 345
41 1 437 322 381 186
41 2 347 352 287 178
41 3 246 178 307 347
41 4 176 344 119 186
41 5 139 343 80 180
41 6 30 191 77 340
41 7 605 354 531 159
42 0 465 177 528 348
42 1 381 186 451 325
42 2 287 179 351 353
42 3 252 174 316 351
42 4 119 188 177 342
42 5 80 179 142 342
42 6 25 187 84 345
42 7 520 164 598 354
43 0 472 169 534 352
43 1 358 352 297 183
43 2 254 176 320 349
43 3 179 343 128 182
43 4 146 343 85 182
43 5 30 192 90 340
43 6 593 356 517 160
43 7 454 329 388 187
44 0 488 179 552 354
44 1 393 188 457 326
44 2 299 183 368 349
44 3 262 177 321 348
44 4 130 178 187 344
44 5 90 182 150 343
44 6 35 191 94 345
44 7 508 162 575 352
45 0 458 325 407 187
45 1 377 343 308 182
45 2 264 179 331 342
45 3 199 348 135 180
45 4 159 342 91 183
45 5 33 192 88 345
45 6 575 352 491 162
46 0 408 188 462 325
46 1 308 188 377 347
46 2 265 176 330 349
46 3 139 178 205 348
46 4 99 182 160 344
46 5 44 190 91 339
46 6 494 162 555 352
47 0 462 325 417 180
47 1 391 347 321 192
47 2 274 178 333 343
47 3 204 335 148 182
47 4 165 345 102 183
47 5 37 187 99 347
47 6 554 351 481 159
48 0 511 172 562 349
48 1 418 181 472 326
48 2 331 185 394 345
48 3 273 178 339 351
48 4 150 182 218 344
48 5 104 177 176 344
48 6 47 187 103 349
48 7 481 159 540 345
49 0 515 178 566 351
49 1 473 326 427 182
49 2 402 345 334 183
49 3 289 176 339 347
49 4 217 335 150 178
49 5 179 342 118 174
49 6 44 190 100 344
49 7 533 356 468 158
50 0 520 172 582 351
50 1 430 186 487 328
50 2 339 182 395 343
50 3 289 176 343 345
50 4 157 179 225 343
50 5 122 173 182 342
50 6 47 186 105 339
50 7 464 154 525 356
51 0 523 176 579 351
51 1 399 344 338 181
51 2 297 172 349 344
51 3 231 340 163 182
51 4 182 342 135 171
51 5 56 192 107 342
51 6 524 356 446 158
52 0 533 172 592 349
52 1 344 181 405 345
52 2 301 171 353 351
52 3 165 185 232 343
52 4 135 171 190 343
52 5 57 183 107 345
52 6 446 154 517 361
53 0 534 173 596 349
53 1 411 347 356 182
53 2 307 172 366 344
53 3 238 344 172 183
53 4 192 344 144 178
53 5 59 191 111 343
53 6 514 353 432 165
54 0 548 173 611 349
54 1 359 179 411 356
54 2 306 172 371 347
54 3 173 182 238 342
54 4 146 176 208 344
54 5 58 181 119 342
54 6 434 162 502 356
55 0 550 171 615 352
55 1 524 324 459 188
55 2 417 349 371 177
55 3 311 176 377 344
55 4 245 342 180 180
55 5 210 339 153 180
55 6 66 186 125 340
55 7 492 347 426 162
56 0 561 177 617 347
56 1 462 188 532 328
56 2 372 173 427 349
56 3 312 174 384 343
56 4 191 181 243 344
56 5 223 343 149 174
56 6 67 196 130 348
56 7 411 155 490 356
57 0 559 176 628 349
57 1 533 322 477 190
57 2 432 343 382 173
57 3 319 177 379 339
57 4 250 337 197 180
57 5 219 339 158 174
57 6 71 190 131 347
57 7 487 353 407 160
58 0 561 174 633 353
58 1 482 191 533 329
58 2 328 183 388 339
58 3 200 179 250 339
58 4 160 173 224 339
58 5 76 195 136 344
58 6 397 153 465 354
59 0 573 174 637 349
59 1 538 325 486 182
59 2 324 176 389 343
59 3 250 331 208 173
59 4 229 339 168 178
59 5 67 190 139 343
59 6 464 353 394 158
60 0 589 178 643 352
60 1 487 183 550 328
60 2 333 186 389 343
60 3 208 173 268 345
60 4 174 181 238 342
60 5 82 187 140 337
60 6 384 151 446 357
61 0 591 173 643 352
61 1 550 325 495 180
61 2 411 182 476 348
61 3 330 168 393 337
61 4 273 340 211 178
61 5 237 337 178 176
61 6 76 185 142 342
61 7 444 354 375 163
62 0 596 174 653 360
62 1 504 190 562 325
62 2 477 339 422 183
62 3 338 172 395 343
62 4 213 178 284 345
62 5 179 174 250 338
62 6 86 188 158 340
62 7 370 160 434 361
63 0 601 169 657 353
63 1 562 325 514 177
63 2 421 183 478 345
63 3 288 335 222 177
63 4 251 337 191 174
63 5 98 187 157 342
63 6 434 359 358 162
64 0 598 167 666 354
64 1 514 177 571 326
64 2 482 343 421 174
64 3 228 176 289 345
64 4 191 172 254 334
64 5 95 181 158 344
64 6 356 162 426 360
65 0 592 171 662 349
65 1 571 324 517 174
65 2 423 182 485 347
65 3 292 337 228 180
65 4 255 334 206 176
65 5 103 181 162 338
65 6 425 357 347 173
66 0 517 177 594 328
66 1 490 345 435 172
66 2 298 330 232 181
66 3 208 176 265 335
66 4 107 185 164 351
66 5 343 167 420 360
67 0 593 326 531 186
67 1 435 173 488 344
67 2 241 186 307 345
67 3 265 338 219 173
67 4 105 195 178 339
67 5 414 356 334 167
68 0 537 186 598 328
68 1 496 344 455 172
68 2 366 176 441 343
68 3 307 331 241 176
68 4 223 173 270 335
68 5 116 179 183 342
68 6 330 167 398 356
69 0 601 326 545 186
69 1 454 172 510 345
69 2 371 176 442 343
69 3 246 178 301 338
69 4 271 333 224 174
69 5 114 182 190 348
69 6 399 356 320 167
70 0 550 191 605 324
70 1 515 344 462 174
70 2 377 168 448 342
70 3 307 339 248 171
70 4 224 177 282 338
70 5 130 188 185 340
70 6 315 165 374 352
71 0 603 321 555 186
71 1 463 178 527 340
71 2 453 337 386 171
71 3 256 177 306 334
71 4 285 334 225 171
71 5 137 182 194 349
71 6 375 348 303 162
72 0 559 191 611 329
72 1 533 340 469 180
72 2 385 172 450 339
72 3 308 333 259 169
72 4 238 179 291 331
72 5 144 185 194 348
72 6 302 162 360 353
73 0 612 326 568 182
73 1 469 179 541 345
73 2 457 340 389 180
73 3 264 178 317 338
73 4 296 330 233 177
73 5 145 185 196 345
73 6 359 354 285 163
74 0 569 179 621 328
74 1 545 344 472 185
74 2 390 179 458 342
74 3 239 173 293 334
74 4 146 179 202 353
74 5 284 162 340 360
75 0 631 325 574 180
75 1 476 185 555 345
75 2 458 335 394 174
75 3 250 173 305 333
75 4 150 182 213 345
75 5 340 359 270 168
76 0 554 339 491 186
76 1 398 181 465 340
76 2 583 181 638 329
76 3 162 176 208 347
76 4 270 168 333 365
77 0 639 324 587 185
77 1 494 183 561 351
77 2 468 339 413 173
77 3 218 342 167 178
77 4 331 357 259 168
78 0 589 185 651 328
78 1 564 345 505 181
78 2 417 177 467 340
78 3 357 329 284 177
78 4 167 178 225 345
78 5 254 169 322 358
79 0 592 178 656 334
79 1 508 181 564 348
79 2 473 339 425 173
79 3 291 182 357 330
79 4 231 342 165 181
79 5 325 357 242 173
80 0 601 182 662 328
80 1 571 347 515 177
80 2 425 172 485 340
80 3 359 337 301 178
80 4 174 179 237 342
80 5 242 169 314 361
81 0 596 181 668 328
81 1 518 174 577 351
81 2 488 337 421 169
81 3 301 178 357 337
81 4 176 179 242 344
81 5 316 359 234 168
82 0 582 345 534 174
82 1 444 172 514 351
82 2 365 328 310 180
82 3 279 172 345 334
82 4 190 183 246 342
82 5 233 165 296 360
83 0 534 176 596 342
83 1 430 165 490 345
83 2 310 182 367 334
83 3 282 177 343 330
83 4 194 185 247 343
83 5 296 359 223 167
84 0 605 347 541 173
84 1 442 176 506 344
84 2 371 329 317 176
84 3 287 176 347 333
84 4 220 162 270 360
85 0 545 176 616 343
85 1 509 339 440 171
85 2 324 179 377 338
85 3 294 178 357 342
85 4 270 359 208 168
85 5 610 186 662 339
86 0 620 339 551 187
86 1 441 176 508 339
86 2 377 328 329 173
86 3 302 177 358 329
86 4 208 164 264 361
86 5 603 186 658 342
87 0 556 187 621 343
87 1 511 342 448 176
87 2 331 171 395 337
87 3 302 176 363 334
87 4 268 365 191 174
87 5 598 185 651 342
88 0 625 342 562 191
88 1 448 176 517 345
88 2 397 331 343 173
88 3 302 176 367 335
88 4 220 179 283 348
88 5 190 174 254 365
89 0 565 190 629 339
89 1 518 339 450 176
89 2 343 174 409 333
89 3 312 174 368 335
89 4 229 182 292 353
89 5 254 357 183 178
90 0 633 337 575 176
90 1 454 182 518 344
90 2 411 333 344 176
90 3 314 176 374 333
90 4 232 178 294 340
90 5 183 179 246 357
91 0 580 182 639 345
91 1 523 338 464 174
91 2 349 178 417 329
91 3 328 181 379 339
91 4 239 183 301 345
91 5 250 363 168 176
92 0 596 183 656 348
92 1 464 173 524 345
92 2 423 333 358 181
92 3 328 174 382 328
92 4 247 191 307 342
92 5 168 176 232 357
92 6 568 179 619 338
93 0 598 176 651 343
93 1 528 343 474 176
93 2 358 181 421 335
93 3 339 173 394 329
93 4 322 343 239 182
93 5 214 173 154 359
93 6 564 190 622 337
93 7 505 343 564 180
94 0 607 181 654 344
94 1 479 176 528 344
94 2 423 334 368 176
94 3 344 168 397 330
94 4 252 179 320 348
94 5 155 171 209 363
94 6 564 195 621 337
94 7 500 343 570 183
95 0 608 176 656 340
95 1 533 342 485 172
95 2 368 176 428 335
95 3 345 169 398 330
95 4 324 340 265 183
95 5 209 363 141 167
95 6 603 190 554 338
95 7 568 181 515 342
96 0 486 172 538 345
96 1 430 334 376 177
96 2 349 171 404 333
96 3 266 178 325 345
96 4 141 168 196 363
96 5 551 183 615 344
96 6 513 183 579 345
97 0 550 347 495 171
97 1 376 177 430 334
97 2 357 171 409 337
97 3 330 342 271 172
97 4 201 368 123 167
97 5 596 187 543 344
97 6 519 188 579 344
98 0 497 169 551 347
98 1 435 334 393 173
98 2 357 172 414 337
98 3 271 172 330 340
98 4 125 171 188 363
98 5 582 183 527 340
99 0 559 345 497 165
99 1 393 173 441 338
99 2 362 173 421 335
99 3 337 337 284 172
99 4 188 363 116 171
99 5 592 187 533 344
700 0 501 167 570 345
700 1 450 334 397 171
700 2 365 179 418 333
700 3 288 167 344 340
700 4 111 168 176 358
700 5 592 182 534 338
701 0 575 342 502 178
701 1 397 171 462 340
701 2 370 174 421 337
701 3 349 344 300 172
701 4 176 363 109 178
701 5 536 340 598 182
702 0 504 177 580 351
702 1 459 334 412 172
702 2 371 174 427 331
702 3 299 172 367 339
702 4 97 181 167 360
702 5 601 185 537 339
703 0 580 344 514 180
703 1 414 172 467 338
703 2 375 173 435 329
703 3 305 179 375 344
703 4 169 358 94 172
703 5 602 179 541 337
704 0 518 179 587 345
704 1 469 331 413 177
704 2 390 173 445 334
704 3 375 338 314 182
704 4 94 177 158 357
704 5 606 181 550 342
705 0 587 338 517 178
705 1 416 178 472 330
705 2 393 168 446 324
705 3 314 169 381 347
705 4 158 358 86 171
705 5 617 186 550 338
705 6 500 182 556 333
706 0 477 328 427 180
706 1 531 172 588 348
706 2 395 169 451 333
706 3 382 343 324 177
706 4 81 171 139 362
706 5 619 182 560 344
706 6 497 190 552 337
