002 0 496 326 432 181
002 1 223 182 297 362
002 2 146 192 215 335
002 3 56 197 113 357
002 4 98 182 139 352
003 0 434 187 500 322
003 1 233 186 303 362
003 2 151 195 214 335
003 3 125 358 62 190
003 4 98 179 151 352
004 0 435 179 502 325
004 1 239 194 307 357
004 2 163 191 223 335
004 3 67 190 128 361
004 4 99 179 155 354
005 0 437 186 509 324
005 1 247 186 310 362
005 2 172 200 225 334
005 3 134 354 68 194
005 4 99 174 158 360
006 0 442 182 514 322
006 1 247 185 317 358
006 2 176 187 233 331
006 3 68 194 150 356
006 4 107 172 162 353
006 5 37 352 -22 181
007 0 449 186 514 321
007 1 246 182 330 360
007 2 181 195 236 330
007 3 150 348 81 192
007 4 116 181 174 351
007 5 43 352 8 182
008 0 465 187 515 326
008 1 264 187 328 361
008 2 187 195 242 325
008 3 86 195 163 357
008 4 119 177 185 351
008 5 42 349 3 187
009 0 467 190 519 322
009 1 271 182 335 358
009 2 188 191 246 328
009 3 164 356 98 187
009 4 44 354 3 185
010 0 471 178 524 328
010 1 279 182 331 357
010 2 195 185 248 330
010 3 100 190 173 360
010 4 47 352 3 182
011 0 472 179 527 321
011 1 282 182 337 361
011 2 255 330 209 182
011 3 172 359 104 185
011 4 43 352 -8 187
012 0 473 181 540 329
012 1 288 177 344 358
012 2 211 187 268 331
012 3 108 185 178 358
012 4 44 353 -8 182
013 0 479 183 548 330
013 1 297 185 349 356
013 2 277 331 219 185
013 3 185 354 123 178
013 4 52 354 0 181
014 0 490 174 547 329
014 1 303 178 362 358
014 2 219 185 280 330
014 3 127 188 190 357
014 4 61 352 3 183
015 0 555 329 494 178
015 1 306 176 374 357
015 2 291 324 225 190
015 3 196 357 130 186
015 4 59 348 3 185
016 0 504 181 560 321
016 1 311 186 376 352
016 2 229 190 294 326
016 3 134 183 206 354
016 4 71 356 10 183
017 0 502 177 560 324
017 1 314 185 388 353
017 2 303 328 236 191
017 3 209 349 132 194
017 4 81 352 11 180
018 0 510 185 565 322
018 1 320 188 397 357
018 2 241 190 302 326
018 3 149 197 220 360
018 4 88 352 6 187
019 0 513 185 571 330
019 1 324 179 397 356
019 2 307 326 252 188
019 3 228 345 154 195
019 4 82 347 14 186
020 0 328 183 403 353
020 1 255 186 311 326
020 2 160 199 233 353
020 3 22 187 86 351
020 4 583 324 510 180
021 0 342 177 398 358
021 1 316 326 266 182
021 2 239 352 167 191
021 3 91 351 21 183
021 4 514 179 580 322
022 0 527 176 580 329
022 1 345 178 404 356
022 2 265 185 320 328
022 3 169 188 234 352
022 4 24 185 90 345
022 5 29 353 -4 183
023 0 533 183 582 325
023 1 351 177 412 353
023 2 325 330 278 174
023 3 245 353 176 190
023 4 95 347 33 188
023 5 35 354 -8 180
024 0 538 177 584 325
024 1 349 171 418 352
024 2 278 181 337 326
024 3 181 192 243 354
024 4 37 191 94 347
024 5 42 351 -9 178
025 0 598 322 547 174
025 1 363 172 423 351
025 2 343 329 289 178
025 3 254 353 187 185
025 4 100 348 35 182
025 5 42 347 0 183
026 0 548 176 601 326
026 1 370 171 432 357
026 2 289 179 354 330
026 3 187 182 262 354
026 4 40 194 104 347
026 5 58 349 -3 180
027 0 550 178 608 325
027 1 374 176 442 356
027 2 361 326 300 187
027 3 269 352 202 182
027 4 107 344 51 183
027 5 62 347 0 185
028 0 559 186 611 328
028 1 381 182 449 354
028 2 301 187 370 325
028 3 208 185 266 354
028 4 53 190 104 343
028 5 5 187 68 347
029 0 562 182 624 322
029 1 395 182 454 352
029 2 370 325 312 183
029 3 275 356 214 183
029 4 113 343 65 186
029 5 79 348 5 185
030 0 565 190 619 329
030 1 395 176 463 349
030 2 315 188 375 325
030 3 218 186 285 358
030 4 65 186 121 347
030 5 14 187 79 343
031 0 568 192 625 326
031 1 402 176 467 348
031 2 381 322 328 190
031 3 291 347 227 190
031 4 126 347 68 190
031 5 88 348 21 182
031 6 601 164 662 361
032 0 571 185 626 325
032 1 403 173 464 351
032 2 328 190 386 326
032 3 228 190 300 344
032 4 72 186 136 353
032 5 26 187 89 347
032 6 594 162 656 356
033 0 412 177 477 353
033 1 386 326 338 185
033 2 310 343 229 186
033 3 141 349 80 182
033 4 91 347 30 177
033 5 589 157 661 360
034 0 414 178 479 352
034 1 337 185 399 328
034 2 247 194 305 351
034 3 80 186 149 347
034 4 42 191 99 344
034 5 3 194 58 347
034 6 585 157 663 360
035 0 426 173 487 349
035 1 399 326 351 181
035 2 314 345 248 188
035 3 155 345 90 186
035 4 104 345 45 180
035 5 11 188 57 348
035 6 577 157 651 360
036 0 425 174 492 349
036 1 351 182 405 324
036 2 252 190 310 348
036 3 97 188 155 349
036 4 47 179 109 347
036 5 10 185 62 342
036 6 569 157 633 360
037 0 431 173 501 345
037 1 405 324 361 182
037 2 321 347 257 185
037 3 165 345 89 185
037 4 111 347 62 186
037 5 12 190 68 344
037 6 624 354 559 162
038 0 437 172 494 345
038 1 361 182 425 325
038 2 269 185 322 353
038 3 228 173 293 347
038 4 99 186 162 348
038 5 63 182 118 345
038 6 15 185 66 342
038 7 559 157 617 362
039 0 446 171 510 351
039 1 425 325 371 185
039 2 330 348 270 177
039 3 239 181 296 348
039 4 168 340 104 187
039 5 125 347 72 178
039 6 17 185 74 345
039 7 619 358 540 160
040 0 458 178 513 354
040 1 371 186 437 322
040 2 277 181 333 349
040 3 245 177 301 348
040 4 105 188 169 348
040 5 74 179 139 343
040 6 19 182 82 347
040 7 537 158 607 357
041 0 462 168 520 345
041 1 437 322 381 186
041 2 347 352 287 178
041 3 246 178 307 347
041 4 176 344 119 186
041 5 139 343 80 180
041 6 30 191 77 340
041 7 605 354 531 159
042 0 465 177 528 348
042 1 381 186 451 325
042 2 287 179 351 353
042 3 252 174 316 351
042 4 119 188 177 342
042 5 80 179 142 342
042 6 25 187 84 345
042 7 520 164 598 354
043 0 472 169 534 352
043 1 358 352 297 183
043 2 254 176 320 349
043 3 179 343 128 182
043 4 146 343 85 182
043 5 30 192 90 340
043 6 593 356 517 160
043 7 454 329 388 187
044 0 488 179 552 354
044 1 393 188 457 326
044 2 299 183 368 349
044 3 262 177 321 348
044 4 130 178 187 344
044 5 90 182 150 343
044 6 35 191 94 345
044 7 508 162 575 352
045 0 458 325 407 187
045 1 377 343 308 182
045 2 264 179 331 342
045 3 199 348 135 180
045 4 159 342 91 183
045 5 33 192 88 345
045 6 575 352 491 162
046 0 408 188 462 325
046 1 308 188 377 347
046 2 265 176 330 349
046 3 139 178 205 348
046 4 99 182 160 344
046 5 44 190 91 339
046 6 494 162 555 352
047 0 462 325 417 180
047 1 391 347 321 192
047 2 274 178 333 343
047 3 204 335 148 182
047 4 165 345 102 183
047 5 37 187 99 347
047 6 554 351 481 159
048 0 511 172 562 349
048 1 418 181 472 326
048 2 331 185 394 345
048 3 273 178 339 351
048 4 150 182 218 344
048 5 104 177 176 344
048 6 47 187 103 349
048 7 481 159 540 345
049 0 515 178 566 351
049 1 473 326 427 182
049 2 402 345 334 183
049 3 289 176 339 347
049 4 217 335 150 178
049 5 179 342 118 174
049 6 44 190 100 344
049 7 533 356 468 158
050 0 520 172 582 351
050 1 430 186 487 328
050 2 339 182 395 343
050 3 289 176 343 345
050 4 157 179 225 343
050 5 122 173 182 342
050 6 47 186 105 339
050 7 464 154 525 356
051 0 523 176 579 351
051 1 399 344 338 181
051 2 297 172 349 344
051 3 231 340 163 182
051 4 182 342 135 171
051 5 56 192 107 342
051 6 524 356 446 158
052 0 533 172 592 349
052 1 344 181 405 345
052 2 301 171 353 351
052 3 165 185 232 343
052 4 135 171 190 343
052 5 57 183 107 345
052 6 446 154 517 361
053 0 534 173 596 349
053 1 411 347 356 182
053 2 307 172 366 344
053 3 238 344 172 183
053 4 192 344 144 178
053 5 59 191 111 343
053 6 514 353 432 165
054 0 548 173 611 349
054 1 359 179 411 356
054 2 306 172 371 347
054 3 173 182 238 342
054 4 146 176 208 344
054 5 58 181 119 342
054 6 434 162 502 356
055 0 550 171 615 352
055 1 524 324 459 188
055 2 417 349 371 177
055 3 311 176 377 344
055 4 245 342 180 180
055 5 210 339 153 180
055 6 66 186 125 340
055 7 492 347 426 162
056 0 561 177 617 347
056 1 462 188 532 328
056 2 372 173 427 349
056 3 312 174 384 343
056 4 191 181 243 344
056 5 223 343 149 174
056 6 67 196 130 348
056 7 411 155 490 356
057 0 559 176 628 349
057 1 533 322 477 190
057 2 432 343 382 173
057 3 319 177 379 339
057 4 250 337 197 180
057 5 219 339 158 174
057 6 71 190 131 347
057 7 487 353 407 160
058 0 561 174 633 353
058 1 482 191 533 329
058 2 328 183 388 339
058 3 200 179 250 339
058 4 160 173 224 339
058 5 76 195 136 344
058 6 397 153 465 354
059 0 573 174 637 349
059 1 538 325 486 182
059 2 324 176 389 343
059 3 250 331 208 173
059 4 229 339 168 178
059 5 67 190 139 343
059 6 464 353 394 158
060 0 589 178 643 352
060 1 487 183 550 328
060 2 333 186 389 343
060 3 208 173 268 345
060 4 174 181 238 342
060 5 82 187 140 337
060 6 384 151 446 357
061 0 591 173 643 352
061 1 550 325 495 180
061 2 411 182 476 348
061 3 330 168 393 337
061 4 273 340 211 178
061 5 237 337 178 176
061 6 76 185 142 342
061 7 444 354 375 163
062 0 596 174 653 360
062 1 504 190 562 325
062 2 477 339 422 183
062 3 338 172 395 343
062 4 213 178 284 345
062 5 179 174 250 338
062 6 86 188 158 340
062 7 370 160 434 361
063 0 601 169 657 353
063 1 562 325 514 177
063 2 421 183 478 345
063 3 288 335 222 177
063 4 251 337 191 174
063 5 98 187 157 342
063 6 434 359 358 162
064 0 598 167 666 354
064 1 514 177 571 326
064 2 482 343 421 174
064 3 228 176 289 345
064 4 191 172 254 334
064 5 95 181 158 344
064 6 356 162 426 360
065 0 592 171 662 349
065 1 571 324 517 174
065 2 423 182 485 347
065 3 292 337 228 180
065 4 255 334 206 176
065 5 103 181 162 338
065 6 425 357 347 173
066 0 517 177 594 328
066 1 490 345 435 172
066 2 298 330 232 181
066 3 208 176 265 335
066 4 107 185 164 351
066 5 343 167 420 360
067 0 593 326 531 186
067 1 435 173 488 344
067 2 241 186 307 345
067 3 265 338 219 173
067 4 105 195 178 339
067 5 414 356 334 167
068 0 537 186 598 328
068 1 496 344 455 172
068 2 366 176 441 343
068 3 307 331 241 176
068 4 223 173 270 335
068 5 116 179 183 342
068 6 330 167 398 356
069 0 601 326 545 186
069 1 454 172 510 345
069 2 371 176 442 343
069 3 246 178 301 338
069 4 271 333 224 174
069 5 114 182 190 348
069 6 399 356 320 167
070 0 550 191 605 324
070 1 515 344 462 174
070 2 377 168 448 342
070 3 307 339 248 171
070 4 224 177 282 338
070 5 130 188 185 340
070 6 315 165 374 352
071 0 603 321 555 186
071 1 463 178 527 340
071 2 453 337 386 171
071 3 256 177 306 334
071 4 285 334 225 171
071 5 137 182 194 349
071 6 375 348 303 162
072 0 559 191 611 329
072 1 533 340 469 180
072 2 385 172 450 339
072 3 308 333 259 169
072 4 238 179 291 331
072 5 144 185 194 348
072 6 302 162 360 353
073 0 612 326 568 182
073 1 469 179 541 345
073 2 457 340 389 180
073 3 264 178 317 338
073 4 296 330 233 177
073 5 145 185 196 345
073 6 359 354 285 163
074 0 569 179 621 328
074 1 545 344 472 185
074 2 390 179 458 342
074 3 239 173 293 334
074 4 146 179 202 353
074 5 284 162 340 360
075 0 631 325 574 180
075 1 476 185 555 345
075 2 458 335 394 174
075 3 250 173 305 333
075 4 150 182 213 345
075 5 340 359 270 168
076 0 554 339 491 186
076 1 398 181 465 340
076 2 583 181 638 329
076 3 162 176 208 347
076 4 270 168 333 365
077 0 639 324 587 185
077 1 494 183 561 351
077 2 468 339 413 173
077 3 218 342 167 178
077 4 331 357 259 168
078 0 589 185 651 328
078 1 564 345 505 181
078 2 417 177 467 340
078 3 357 329 284 177
078 4 167 178 225 345
078 5 254 169 322 358
079 0 592 178 656 334
079 1 508 181 564 348
079 2 473 339 425 173
079 3 291 182 357 330
079 4 231 342 165 181
079 5 325 357 242 173
080 0 601 182 662 328
080 1 571 347 515 177
080 2 425 172 485 340
080 3 359 337 301 178
080 4 174 179 237 342
080 5 242 169 314 361
081 0 596 181 668 328
081 1 518 174 577 351
081 2 488 337 421 169
081 3 301 178 357 337
081 4 176 179 242 344
081 5 316 359 234 168
082 0 582 345 534 174
082 1 444 172 514 351
082 2 365 328 310 180
082 3 279 172 345 334
082 4 190 183 246 342
082 5 233 165 296 360
083 0 534 176 596 342
083 1 430 165 490 345
083 2 310 182 367 334
083 3 282 177 343 330
083 4 194 185 247 343
083 5 296 359 223 167
084 0 605 347 541 173
084 1 442 176 506 344
084 2 371 329 317 176
084 3 287 176 347 333
084 4 220 162 270 360
085 0 545 176 616 343
085 1 509 339 440 171
085 2 324 179 377 338
085 3 294 178 357 342
085 4 270 359 208 168
085 5 610 186 662 339
086 0 620 339 551 187
086 1 441 176 508 339
086 2 377 328 329 173
086 3 302 177 358 329
086 4 208 164 264 361
086 5 603 186 658 342
087 0 556 187 621 343
087 1 511 342 448 176
087 2 331 171 395 337
087 3 302 176 363 334
087 4 268 365 191 174
087 5 598 185 651 342
088 0 625 342 562 191
088 1 448 176 517 345
088 2 397 331 343 173
088 3 302 176 367 335
088 4 220 179 283 348
088 5 190 174 254 365
089 0 565 190 629 339
089 1 518 339 450 176
089 2 343 174 409 333
089 3 312 174 368 335
089 4 229 182 292 353
089 5 254 357 183 178
090 0 633 337 575 176
090 1 454 182 518 344
090 2 411 333 344 176
090 3 314 176 374 333
090 4 232 178 294 340
090 5 183 179 246 357
091 0 580 182 639 345
091 1 523 338 464 174
091 2 349 178 417 329
091 3 328 181 379 339
091 4 239 183 301 345
091 5 250 363 168 176
092 0 596 183 656 348
092 1 464 173 524 345
092 2 423 333 358 181
092 3 328 174 382 328
092 4 247 191 307 342
092 5 168 176 232 357
092 6 568 179 619 338
093 0 598 176 651 343
093 1 528 343 474 176
093 2 358 181 421 335
093 3 339 173 394 329
093 4 322 343 239 182
093 5 214 173 154 359
093 6 564 190 622 337
093 7 505 343 564 180
094 0 607 181 654 344
094 1 479 176 528 344
094 2 423 334 368 176
094 3 344 168 397 330
094 4 252 179 320 348
094 5 155 171 209 363
094 6 564 195 621 337
094 7 500 343 570 183
095 0 608 176 656 340
095 1 533 342 485 172
095 2 368 176 428 335
095 3 345 169 398 330
095 4 324 340 265 183
095 5 209 363 141 167
095 6 603 190 554 338
095 7 568 181 515 342
096 0 486 172 538 345
096 1 430 334 376 177
096 2 349 171 404 333
096 3 266 178 325 345
096 4 141 168 196 363
096 5 551 183 615 344
096 6 513 183 579 345
097 0 550 347 495 171
097 1 376 177 430 334
097 2 357 171 409 337
097 3 330 342 271 172
097 4 201 368 123 167
097 5 596 187 543 344
097 6 519 188 579 344
098 0 497 169 551 347
098 1 435 334 393 173
098 2 357 172 414 337
098 3 271 172 330 340
098 4 125 171 188 363
098 5 582 183 527 340
099 0 559 345 497 165
099 1 393 173 441 338
099 2 362 173 421 335
099 3 337 337 284 172
099 4 188 363 116 171
099 5 592 187 533 344
700 0 501 167 570 345
700 1 450 334 397 171
700 2 365 179 418 333
700 3 288 167 344 340
700 4 111 168 176 358
700 5 592 182 534 338
701 0 575 342 502 178
701 1 397 171 462 340
701 2 370 174 421 337
701 3 349 344 300 172
701 4 176 363 109 178
701 5 536 340 598 182
702 0 504 177 580 351
702 1 459 334 412 172
702 2 371 174 427 331
702 3 299 172 367 339
702 4 97 181 167 360
702 5 601 185 537 339
703 0 580 344 514 180
703 1 414 172 467 338
703 2 375 173 435 329
703 3 305 179 375 344
703 4 169 358 94 172
703 5 602 179 541 337
704 0 518 179 587 345
704 1 469 331 413 177
704 2 390 173 445 334
704 3 375 338 314 182
704 4 94 177 158 357
704 5 606 181 550 342
705 0 587 338 517 178
705 1 416 178 472 330
705 2 393 168 446 324
705 3 314 169 381 347
705 4 158 358 86 171
705 5 617 186 550 338
705 6 500 182 556 333
706 0 477 328 427 180
706 1 531 172 588 348
706 2 395 169 451 333
706 3 382 343 324 177
706 4 81 171 139 362
706 5 619 182 560 344
706 6 497 190 552 337
