"001": 422, 183, 484, 326: 291, 358, 218, 174: 202, 333, 145, 191: 139, 353, 85, 182: 107, 362, 54, 186:
"002": 496, 326, 432, 181: 223, 182, 297, 362: 146, 192, 215, 335: 56, 197, 113, 357: 98, 182, 139, 352:
"003": 434, 187, 500, 322: 233, 186, 303, 362: 151, 195, 214, 335: 125, 358, 62, 190: 98, 179, 151, 352:
"004": 435, 179, 502, 325: 239, 194, 307, 357: 163, 191, 223, 335: 67, 190, 128, 361: 99, 179, 155, 354:
"005": 437, 186, 509, 324: 247, 186, 310, 362: 172, 200, 225, 334: 134, 354, 68, 194: 99, 174, 158, 360:
"006": 442, 182, 514, 322: 247, 185, 317, 358: 176, 187, 233, 331: 68, 194, 150, 356: 107, 172, 162, 353: 37, 352, -22, 181:
"007": 449, 186, 514, 321: 246, 182, 330, 360: 181, 195, 236, 330: 150, 348, 81, 192: 116, 181, 174, 351: 43, 352, 8, 182:
"008": 465, 187, 515, 326: 264, 187, 328, 361: 187, 195, 242, 325: 86, 195, 163, 357: 119, 177, 185, 351: 42, 349, 3, 187:
"009": 467, 190, 519, 322: 271, 182, 335, 358: 188, 191, 246, 328: 164, 356, 98, 187: 44, 354, 3, 185:
"010": 471, 178, 524, 328: 279, 182, 331, 357: 195, 185, 248, 330: 100, 190, 173, 360: 47, 352, 3, 182:
"011": 472, 179, 527, 321: 282, 182, 337, 361: 255, 330, 209, 182: 172, 359, 104, 185: 43, 352, -8, 187:
"012": 473, 181, 540, 329: 288, 177, 344, 358: 211, 187, 268, 331: 108, 185, 178, 358: 44, 353, -8, 182:
"013": 479, 183, 548, 330: 297, 185, 349, 356: 277, 331, 219, 185: 185, 354, 123, 178: 52, 354, 0, 181:
"014": 490, 174, 547, 329: 303, 178, 362, 358: 219, 185, 280, 330: 127, 188, 190, 357: 61, 352, 3, 183:
"015": 555, 329, 494, 178: 306, 176, 374, 357: 291, 324, 225, 190: 196, 357, 130, 186: 59, 348, 3, 185:
"016": 504, 181, 560, 321: 311, 186, 376, 352: 229, 190, 294, 326: 134, 183, 206, 354: 71, 356, 10, 183:
"017": 502, 177, 560, 324: 314, 185, 388, 353: 303, 328, 236, 191: 209, 349, 132, 194: 81, 352, 11, 180:
"018": 510, 185, 565, 322: 320, 188, 397, 357: 241, 190, 302, 326: 149, 197, 220, 360: 88, 352, 6, 187:
"019": 513, 185, 571, 330: 324, 179, 397, 356: 307, 326, 252, 188: 228, 345, 154, 195: 82, 347, 14, 186:
"020": 328, 183, 403, 353: 255, 186, 311, 326: 160, 199, 233, 353: 22, 187, 86, 351: 583, 324, 510, 180:
"021": 342, 177, 398, 358: 316, 326, 266, 182: 239, 352, 167, 191: 91, 351, 21, 183: 514, 179, 580, 322:
"022": 527, 176, 580, 329: 345, 178, 404, 356: 265, 185, 320, 328: 169, 188, 234, 352: 24, 185, 90, 345: 29, 353, -4, 183:
"023": 533, 183, 582, 325: 351, 177, 412, 353: 325, 330, 278, 174: 245, 353, 176, 190: 95, 347, 33, 188: 35, 354, -8, 180:
"024": 538, 177, 584, 325: 349, 171, 418, 352: 278, 181, 337, 326: 181, 192, 243, 354: 37, 191, 94, 347: 42, 351, -9, 178:
"025": 598, 322, 547, 174: 363, 172, 423, 351: 343, 329, 289, 178: 254, 353, 187, 185: 100, 348, 35, 182: 42, 347, 0, 183:
"026": 548, 176, 601, 326: 370, 171, 432, 357: 289, 179, 354, 330: 187, 182, 262, 354: 40, 194, 104, 347: 58, 349, -3, 180:
"027": 550, 178, 608, 325: 374, 176, 442, 356: 361, 326, 300, 187: 269, 352, 202, 182: 107, 344, 51, 183: 62, 347, 0, 185:
"028": 559, 186, 611, 328: 381, 182, 449, 354: 301, 187, 370, 325: 208, 185, 266, 354: 53, 190, 104, 343: 5, 187, 68, 347:
"029": 562, 182, 624, 322: 395, 182, 454, 352: 370, 325, 312, 183: 275, 356, 214, 183: 113, 343, 65, 186: 79, 348, 5, 185:
"030": 565, 190, 619, 329: 395, 176, 463, 349: 315, 188, 375, 325: 218, 186, 285, 358: 65, 186, 121, 347: 14, 187, 79, 343:
"031": 568, 192, 625, 326: 402, 176, 467, 348: 381, 322, 328, 190: 291, 347, 227, 190: 126, 347, 68, 190: 88, 348, 21, 182: 601, 164, 662, 361:
"032": 571, 185, 626, 325: 403, 173, 464, 351: 328, 190, 386, 326: 228, 190, 300, 344: 72, 186, 136, 353: 26, 187, 89, 347: 594, 162, 656, 356:
"033": 412, 177, 477, 353: 386, 326, 338, 185: 310, 343, 229, 186: 141, 349, 80, 182: 91, 347, 30, 177: 589, 157, 661, 360:
"034": 414, 178, 479, 352: 337, 185, 399, 328: 247, 194, 305, 351: 80, 186, 149, 347: 42, 191, 99, 344: 3, 194, 58, 347: 585, 157, 663, 360:
"035": 426, 173, 487, 349: 399, 326, 351, 181: 314, 345, 248, 188: 155, 345, 90, 186: 104, 345, 45, 180: 11, 188, 57, 348: 577, 157, 651, 360:
"036": 425, 174, 492, 349: 351, 182, 405, 324: 252, 190, 310, 348: 97, 188, 155, 349: 47, 179, 109, 347: 10, 185, 62, 342: 569, 157, 633, 360:
"037": 431, 173, 501, 345: 405, 324, 361, 182: 321, 347, 257, 185: 165, 345, 89, 185: 111, 347, 62, 186: 12, 190, 68, 344: 624, 354, 559, 162:
"038": 437, 172, 494, 345: 361, 182, 425, 325: 269, 185, 322, 353: 228, 173, 293, 347: 99, 186, 162, 348: 63, 182, 118, 345: 15, 185, 66, 342: 559, 157, 617, 362:
"039": 446, 171, 510, 351: 425, 325, 371, 185: 330, 348, 270, 177: 239, 181, 296, 348: 168, 340, 104, 187: 125, 347, 72, 178: 17, 185, 74, 345: 619, 358, 540, 160:
"040": 458, 178, 513, 354: 371, 186, 437, 322: 277, 181, 333, 349: 245, 177, 301, 348: 105, 188, 169, 348: 74, 179, 139, 343: 19, 182, 82, 347: 537, 158, 607, 357:
"041": 462, 168, 520, 345: 437, 322, 381, 186: 347, 352, 287, 178: 246, 178, 307, 347: 176, 344, 119, 186: 139, 343, 80, 180: 30, 191, 77, 340: 605, 354, 531, 159:
"042": 465, 177, 528, 348: 381, 186, 451, 325: 287, 179, 351, 353: 252, 174, 316, 351: 119, 188, 177, 342: 80, 179, 142, 342: 25, 187, 84, 345: 520, 164, 598, 354:
"043": 472, 169, 534, 352: 358, 352, 297, 183: 254, 176, 320, 349: 179, 343, 128, 182: 146, 343, 85, 182: 30, 192, 90, 340: 593, 356, 517, 160: 454, 329, 388, 187:
"044": 488, 179, 552, 354: 393, 188, 457, 326: 299, 183, 368, 349: 262, 177, 321, 348: 130, 178, 187, 344: 90, 182, 150, 343: 35, 191, 94, 345: 508, 162, 575, 352:
"045": 458, 325, 407, 187: 377, 343, 308, 182: 264, 179, 331, 342: 199, 348, 135, 180: 159, 342, 91, 183: 33, 192, 88, 345: 575, 352, 491, 162:
"046": 408, 188, 462, 325: 308, 188, 377, 347: 265, 176, 330, 349: 139, 178, 205, 348: 99, 182, 160, 344: 44, 190, 91, 339: 494, 162, 555, 352:
"047": 462, 325, 417, 180: 391, 347, 321, 192: 274, 178, 333, 343: 204, 335, 148, 182: 165, 345, 102, 183: 37, 187, 99, 347: 554, 351, 481, 159:
"048": 511, 172, 562, 349: 418, 181, 472, 326: 331, 185, 394, 345: 273, 178, 339, 351: 150, 182, 218, 344: 104, 177, 176, 344: 47, 187, 103, 349: 481, 159, 540, 345:
"049": 515, 178, 566, 351: 473, 326, 427, 182: 402, 345, 334, 183: 289, 176, 339, 347: 217, 335, 150, 178: 179, 342, 118, 174: 44, 190, 100, 344: 533, 356, 468, 158:
"050": 520, 172, 582, 351: 430, 186, 487, 328: 339, 182, 395, 343: 289, 176, 343, 345: 157, 179, 225, 343: 122, 173, 182, 342: 47, 186, 105, 339: 464, 154, 525, 356:
"051": 523, 176, 579, 351: 399, 344, 338, 181: 297, 172, 349, 344: 231, 340, 163, 182: 182, 342, 135, 171: 56, 192, 107, 342: 524, 356, 446, 158:
"052": 533, 172, 592, 349: 344, 181, 405, 345: 301, 171, 353, 351: 165, 185, 232, 343: 135, 171, 190, 343: 57, 183, 107, 345: 446, 154, 517, 361:
"053": 534, 173, 596, 349: 411, 347, 356, 182: 307, 172, 366, 344: 238, 344, 172, 183: 192, 344, 144, 178: 59, 191, 111, 343: 514, 353, 432, 165:
"054": 548, 173, 611, 349: 359, 179, 411, 356: 306, 172, 371, 347: 173, 182, 238, 342: 146, 176, 208, 344: 58, 181, 119, 342: 434, 162, 502, 356:
"055": 550, 171, 615, 352: 524, 324, 459, 188: 417, 349, 371, 177: 311, 176, 377, 344: 245, 342, 180, 180: 210, 339, 153, 180: 66, 186, 125, 340: 492, 347, 426, 162:
"056": 561, 177, 617, 347: 462, 188, 532, 328: 372, 173, 427, 349: 312, 174, 384, 343: 191, 181, 243, 344: 223, 343, 149, 174: 67, 196, 130, 348: 411, 155, 490, 356:
"057": 559, 176, 628, 349: 533, 322, 477, 190: 432, 343, 382, 173: 319, 177, 379, 339: 250, 337, 197, 180: 219, 339, 158, 174: 71, 190, 131, 347: 487, 353, 407, 160:
"058": 561, 174, 633, 353: 482, 191, 533, 329: 328, 183, 388, 339: 200, 179, 250, 339: 160, 173, 224, 339: 76, 195, 136, 344: 397, 153, 465, 354:
"059": 573, 174, 637, 349: 538, 325, 486, 182: 324, 176, 389, 343: 250, 331, 208, 173: 229, 339, 168, 178: 67, 190, 139, 343: 464, 353, 394, 158:
"060": 589, 178, 643, 352: 487, 183, 550, 328: 333, 186, 389, 343: 208, 173, 268, 345: 174, 181, 238, 342: 82, 187, 140, 337: 384, 151, 446, 357:
"061": 591, 173, 643, 352: 550, 325, 495, 180: 411, 182, 476, 348: 330, 168, 393, 337: 273, 340, 211, 178: 237, 337, 178, 176: 76, 185, 142, 342: 444, 354, 375, 163:
"062": 596, 174, 653, 360: 504, 190, 562, 325: 477, 339, 422, 183: 338, 172, 395, 343: 213, 178, 284, 345: 179, 174, 250, 338: 86, 188, 158, 340: 370, 160, 434, 361:
"063": 601, 169, 657, 353: 562, 325, 514, 177: 421, 183, 478, 345: 288, 335, 222, 177: 251, 337, 191, 174: 98, 187, 157, 342: 434, 359, 358, 162:
"064": 598, 167, 666, 354: 514, 177, 571, 326: 482, 343, 421, 174: 228, 176, 289, 345: 191, 172, 254, 334: 95, 181, 158, 344: 356, 162, 426, 360:
"065": 592, 171, 662, 349: 571, 324, 517, 174: 423, 182, 485, 347: 292, 337, 228, 180: 255, 334, 206, 176: 103, 181, 162, 338: 425, 357, 347, 173:
"066": 517, 177, 594, 328: 490, 345, 435, 172: 298, 330, 232, 181: 208, 176, 265, 335: 107, 185, 164, 351: 343, 167, 420, 360:
"067": 593, 326, 531, 186: 435, 173, 488, 344: 241, 186, 307, 345: 265, 338, 219, 173: 105, 195, 178, 339: 414, 356, 334, 167:
"068": 537, 186, 598, 328: 496, 344, 455, 172: 366, 176, 441, 343: 307, 331, 241, 176: 223, 173, 270, 335: 116, 179, 183, 342: 330, 167, 398, 356:
"069": 601, 326, 545, 186: 454, 172, 510, 345: 371, 176, 442, 343: 246, 178, 301, 338: 271, 333, 224, 174: 114, 182, 190, 348: 399, 356, 320, 167:
"070": 550, 191, 605, 324: 515, 344, 462, 174: 377, 168, 448, 342: 307, 339, 248, 171: 224, 177, 282, 338: 130, 188, 185, 340: 315, 165, 374, 352:
"071": 603, 321, 555, 186: 463, 178, 527, 340: 453, 337, 386, 171: 256, 177, 306, 334: 285, 334, 225, 171: 137, 182, 194, 349: 375, 348, 303, 162:
"072": 559, 191, 611, 329: 533, 340, 469, 180: 385, 172, 450, 339: 308, 333, 259, 169: 238, 179, 291, 331: 144, 185, 194, 348: 302, 162, 360, 353:
"073": 612, 326, 568, 182: 469, 179, 541, 345: 457, 340, 389, 180: 264, 178, 317, 338: 296, 330, 233, 177: 145, 185, 196, 345: 359, 354, 285, 163:
"074": 569, 179, 621, 328: 545, 344, 472, 185: 390, 179, 458, 342: 239, 173, 293, 334: 146, 179, 202, 353: 284, 162, 340, 360:
"075": 631, 325, 574, 180: 476, 185, 555, 345: 458, 335, 394, 174: 250, 173, 305, 333: 150, 182, 213, 345: 340, 359, 270, 168:
"076": 554, 339, 491, 186: 398, 181, 465, 340: 583, 181, 638, 329: 162, 176, 208, 347: 270, 168, 333, 365:
"077": 639, 324, 587, 185: 494, 183, 561, 351: 468, 339, 413, 173: 218, 342, 167, 178: 331, 357, 259, 168:
"078": 589, 185, 651, 328: 564, 345, 505, 181: 417, 177, 467, 340: 357, 329, 284, 177: 167, 178, 225, 345: 254, 169, 322, 358:
"079": 592, 178, 656, 334: 508, 181, 564, 348: 473, 339, 425, 173: 291, 182, 357, 330: 231, 342, 165, 181: 325, 357, 242, 173:
"080": 601, 182, 662, 328: 571, 347, 515, 177: 425, 172, 485, 340: 359, 337, 301, 178: 174, 179, 237, 342: 242, 169, 314, 361:
"081": 596, 181, 668, 328: 518, 174, 577, 351: 488, 337, 421, 169: 301, 178, 357, 337: 176, 179, 242, 344: 316, 359, 234, 168:
"082": 582, 345, 534, 174: 444, 172, 514, 351: 365, 328, 310, 180: 279, 172, 345, 334: 190, 183, 246, 342: 233, 165, 296, 360:
"083": 534, 176, 596, 342: 430, 165, 490, 345: 310, 182, 367, 334: 282, 177, 343, 330: 194, 185, 247, 343: 296, 359, 223, 167:
"084": 605, 347, 541, 173: 442, 176, 506, 344: 371, 329, 317, 176: 287, 176, 347, 333: 220, 162, 270, 360:
"085": 545, 176, 616, 343: 509, 339, 440, 171: 324, 179, 377, 338: 294, 178, 357, 342: 270, 359, 208, 168: 610, 186, 662, 339:
"086": 620, 339, 551, 187: 441, 176, 508, 339: 377, 328, 329, 173: 302, 177, 358, 329: 208, 164, 264, 361: 603, 186, 658, 342:
"087": 556, 187, 621, 343: 511, 342, 448, 176: 331, 171, 395, 337: 302, 176, 363, 334: 268, 365, 191, 174: 598, 185, 651, 342:
"088": 625, 342, 562, 191: 448, 176, 517, 345: 397, 331, 343, 173: 302, 176, 367, 335: 220, 179, 283, 348: 190, 174, 254, 365:
"089": 565, 190, 629, 339: 518, 339, 450, 176: 343, 174, 409, 333: 312, 174, 368, 335: 229, 182, 292, 353: 254, 357, 183, 178:
"090": 633, 337, 575, 176: 454, 182, 518, 344: 411, 333, 344, 176: 314, 176, 374, 333: 232, 178, 294, 340: 183, 179, 246, 357:
"091": 580, 182, 639, 345: 523, 338, 464, 174: 349, 178, 417, 329: 328, 181, 379, 339: 239, 183, 301, 345: 250, 363, 168, 176:
"092": 596, 183, 656, 348: 464, 173, 524, 345: 423, 333, 358, 181: 328, 174, 382, 328: 247, 191, 307, 342: 168, 176, 232, 357: 568, 179, 619, 338:
"093": 598, 176, 651, 343: 528, 343, 474, 176: 358, 181, 421, 335: 339, 173, 394, 329: 322, 343, 239, 182: 214, 173, 154, 359: 564, 190, 622, 337: 505, 343, 564, 180:
"094": 607, 181, 654, 344: 479, 176, 528, 344: 423, 334, 368, 176: 344, 168, 397, 330: 252, 179, 320, 348: 155, 171, 209, 363: 564, 195, 621, 337: 500, 343, 570, 183:
"095": 608, 176, 656, 340: 533, 342, 485, 172: 368, 176, 428, 335: 345, 169, 398, 330: 324, 340, 265, 183: 209, 363, 141, 167: 603, 190, 554, 338: 568, 181, 515, 342:
"096": 486, 172, 538, 345: 430, 334, 376, 177: 349, 171, 404, 333: 266, 178, 325, 345: 141, 168, 196, 363: 551, 183, 615, 344: 513, 183, 579, 345:
"097": 550, 347, 495, 171: 376, 177, 430, 334: 357, 171, 409, 337: 330, 342, 271, 172: 201, 368, 123, 167: 596, 187, 543, 344: 519, 188, 579, 344:
"098": 497, 169, 551, 347: 435, 334, 393, 173: 357, 172, 414, 337: 271, 172, 330, 340: 125, 171, 188, 363: 582, 183, 527, 340:
"099": 559, 345, 497, 165: 393, 173, 441, 338: 362, 173, 421, 335: 337, 337, 284, 172: 188, 363, 116, 171: 592, 187, 533, 344:
"700": 501, 167, 570, 345: 450, 334, 397, 171: 365, 179, 418, 333: 288, 167, 344, 340: 111, 168, 176, 358: 592, 182, 534, 338:
"701": 575, 342, 502, 178: 397, 171, 462, 340: 370, 174, 421, 337: 349, 344, 300, 172: 176, 363, 109, 178: 536, 340, 598, 182:
"702": 504, 177, 580, 351: 459, 334, 412, 172: 371, 174, 427, 331: 299, 172, 367, 339: 97, 181, 167, 360: 601, 185, 537, 339:
"703": 580, 344, 514, 180: 414, 172, 467, 338: 375, 173, 435, 329: 305, 179, 375, 344: 169, 358, 94, 172: 602, 179, 541, 337:
"704": 518, 179, 587, 345: 469, 331, 413, 177: 390, 173, 445, 334: 375, 338, 314, 182: 94, 177, 158, 357: 606, 181, 550, 342:
"705": 587, 338, 517, 178: 416, 178, 472, 330: 393, 168, 446, 324: 314, 169, 381, 347: 158, 358, 86, 171: 617, 186, 550, 338: 500, 182, 556, 333:
"706": 477, 328, 427, 180: 531, 172, 588, 348: 395, 169, 451, 333: 382, 343, 324, 177: 81, 171, 139, 362: 619, 182, 560, 344: 497, 190, 552, 337:
"707": 593, 348, 532, 171: 430, 179, 478, 333: 393, 169, 458, 331: 328, 176, 389, 345: 137, 362, 74, 174: 625, 186, 564, 343: 490, 188, 548, 333:
"708": 532, 173, 592, 348: 481, 330, 430, 177: 409, 169, 460, 331: 388, 340, 335, 165: 74, 173, 126, 361: 631, 188, 570, 344: 538, 197, 490, 337:
"709": 597, 347, 548, 172: 435, 176, 488, 329: 413, 165, 464, 330: 340, 164, 402, 352: 126, 361, 63, 174: 635, 188, 570, 345: 529, 192, 482, 335:
"710": 548, 168, 607, 345: 494, 329, 437, 172: 422, 171, 471, 331: 403, 347, 345, 163: 63, 174, 113, 354: 639, 192, 582, 348: 476, 338, 541, 178:
"711": 615, 345, 559, 164: 449, 181, 506, 331: 417, 172, 476, 331: 345, 163, 414, 343: 117, 358, 56, 174: 635, 186, 579, 343: 519, 190, 469, 342:
"712": 560, 167, 624, 352: 426, 173, 476, 330: 426, 339, 353, 171: 56, 177, 113, 358: 601, 187, 640, 348: 510, 196, 463, 337:
"713": 630, 347, 568, 172: 426, 176, 481, 333: 356, 173, 437, 342: 111, 356, 45, 182: 513, 190, 462, 340:
"714": 569, 173, 630, 344: 441, 342, 371, 176: 42, 185, 105, 365: 457, 188, 504, 334:
"715": 573, 172, 635, 345: 464, 177, 525, 326: 372, 176, 444, 338: 107, 362, 34, 182: 444, 186, 500, 338:
"716": 571, 169, 642, 352: 538, 330, 460, 171: 451, 340, 381, 176: 31, 182, 100, 365: 440, 188, 500, 339:
"717": 585, 171, 647, 354: 465, 173, 541, 329: 384, 173, 455, 344: 95, 363, 24, 178: 440, 188, 494, 338:
"718": 543, 326, 481, 186: 585, 173, 648, 342: 458, 340, 397, 174: 24, 178, 71, 352: 431, 190, 491, 338:
"719": 583, 167, 658, 351: 487, 179, 545, 331: 400, 172, 462, 348: 72, 352, 11, 177:
"720": 596, 168, 656, 349: 552, 329, 490, 181: 464, 168, 514, 328: 471, 345, 409, 171: 7, 172, 67, 361:
"721": 602, 173, 661, 344: 492, 179, 550, 334: 465, 169, 520, 328: 411, 173, 478, 344: 68, 359, 6, 178:
"722": 605, 167, 662, 345: 552, 328, 500, 174: 473, 172, 527, 329: 479, 344, 432, 168: 6, 178, 56, 356:
"723": 502, 176, 556, 325: 476, 167, 529, 329: 432, 168, 486, 349: 61, 356, -2, 176: 400, 191, 454, 339:
"724": 564, 331, 502, 171: 479, 171, 537, 335: 496, 349, 442, 171: 63, 359, -3, 180: 395, 191, 455, 339:
"725": 508, 174, 566, 330: 476, 176, 540, 333: 444, 168, 497, 344: 53, 356, 2, 178: 388, 186, 463, 344:
"726": 569, 331, 514, 173: 492, 173, 547, 331: 505, 347, 449, 173: 49, 349, -9, 183: 385, 191, 449, 340:
"727": 518, 173, 575, 333: 454, 172, 517, 344: 48, 349, -25, 174: 381, 190, 439, 339:
"728": 578, 326, 523, 171: 523, 345, 459, 167: 43, 348, 3, 185: 372, 181, 432, 338:
"729": 524, 169, 589, 331: 459, 168, 524, 347: 367, 177, 426, 339:
"730": 592, 330, 532, 172: 523, 343, 473, 172: 366, 182, 425, 338:
"731": 532, 172, 602, 333: 474, 169, 536, 347: 358, 190, 420, 340:
"732": 605, 331, 547, 176: 541, 344, 487, 163: 353, 187, 411, 337:
"733": 547, 176, 603, 330: 487, 163, 554, 356: 352, 194, 408, 340:
"734": 606, 329, 555, 174: 560, 351, 491, 168: 342, 200, 408, 338:
"735": 555, 176, 610, 333: 494, 165, 566, 349: 345, 206, 407, 342:
"736": 612, 335, 561, 176: 571, 345, 514, 164: 333, 185, 395, 331: 33, 326, 2, 188:
"737": 562, 174, 617, 334: 519, 162, 585, 351: 326, 187, 384, 334: 31, 326, 2, 183:
"738": 571, 173, 628, 328: 589, 347, 524, 176: 382, 333, 319, 185: 38, 320, 7, 185:
"739": 573, 168, 630, 333: 525, 176, 598, 352: 319, 185, 372, 343: 40, 322, -9, 181:
"740": 583, 173, 637, 337: 603, 348, 541, 173: 371, 340, 311, 183: 44, 326, -4, 181:
"741": 583, 177, 645, 339: 545, 172, 614, 353: 311, 183, 362, 338: 40, 321, -4, 185:
"742": 589, 173, 657, 330: 620, 353, 552, 171: 359, 338, 294, 185: 54, 330, -4, 181:
"743": 557, 168, 617, 348: 294, 185, 351, 344: 51, 330, -3, 181:
"744": 351, 337, 278, 187: 562, 169, 624, 356: 59, 326, 3, 183:
"745": 569, 165, 625, 354: 279, 187, 349, 339: 59, 326, 6, 188:
"746": 584, 162, 634, 357: 349, 339, 274, 192: 67, 322, 7, 190:
"747": 592, 169, 649, 360: 274, 191, 335, 338: 67, 328, 8, 185:
"748": 591, 163, 657, 354: 326, 337, 271, 194: 71, 329, 11, 188:
"749": 599, 167, 661, 356: 266, 192, 324, 344: 65, 326, 16, 188:
"750": 588, 187, 660, 352: 321, 337, 255, 186: 66, 325, 19, 182:
"751": 252, 188, 305, 344: 76, 328, 21, 181:
"752": 298, 331, 246, 187: 22, 182, 76, 330:
"753": 238, 186, 300, 344: 77, 329, 33, 181:
"754": 297, 340, 232, 188: 33, 181, 77, 329:
"755": 231, 186, 280, 343: 85, 326, 38, 183: 31, 337, 1, 183:
"756": 279, 338, 220, 187: 38, 182, 89, 326: 35, 338, 1, 183:
"757": 220, 185, 274, 345: 89, 329, 45, 181: 35, 338, -9, 181:
"758": 275, 342, 202, 186: 47, 183, 98, 329: 44, 331, -8, 176:
"759": 202, 186, 266, 345: 102, 334, 49, 183: 47, 339, 0, 178:
"760": 266, 343, 194, 186: 49, 183, 107, 334: 2, 178, 42, 339:
"761": 192, 188, 255, 344: 108, 333, 53, 185: 11, 176, 57, 338:
"762": 255, 343, 190, 190: 53, 185, 108, 331: 8, 176, 58, 331:
"763": 187, 194, 238, 343: 108, 330, 61, 181: 16, 178, 66, 337:
"764": 237, 345, 180, 188: 61, 183, 112, 333: 20, 179, 71, 338:
"765": 176, 191, 224, 345: 114, 331, 61, 177: 25, 186, 79, 333:
"766": 223, 345, 171, 194: 61, 177, 122, 334: 28, 182, 86, 340:
"767": 122, 330, 70, 177: 159, 192, 214, 344: 34, 179, 89, 339:
"768": 211, 347, 157, 188: 82, 182, 127, 330: 39, 181, 93, 334:
"769": 146, 194, 208, 345: 135, 326, 80, 181: 47, 182, 97, 333:
"770": 202, 345, 142, 199: 80, 179, 139, 325: 54, 181, 97, 335:
"771": 137, 199, 196, 347: 90, 185, 145, 326: 53, 178, 104, 330:
"772": 95, 181, 146, 329: 59, 176, 105, 330: 125, 200, 195, 351:
"773": 132, 202, 187, 351: 63, 177, 113, 335:
"774": 186, 345, 123, 201: 77, 178, 122, 331:
"775": 107, 199, 172, 349: 72, 179, 131, 335:
"776": 173, 349, 112, 201: 80, 181, 128, 333:
"777": 102, 199, 158, 353: 81, 179, 127, 333:
"778": 154, 347, 104, 202:
"779": 102, 196, 148, 345:
"780": 144, 344, 89, 188: 178, 330, 135, 176:
"781": 85, 192, 132, 349: 185, 326, 130, 176:
"782": 132, 342, 71, 190: 192, 331, 135, 181:
"783": 67, 190, 127, 348: 202, 330, 139, 180: 113, 177, 158, 334:
"784": 126, 344, 67, 200: 208, 328, 142, 181: 114, 172, 163, 333:
"785": 62, 202, 122, 349: 211, 330, 150, 182: 121, 172, 167, 337:
"786": 119, 345, 54, 206: 213, 330, 159, 183: 126, 174, 172, 334:
"787": 54, 210, 112, 345: 214, 330, 160, 182: 136, 173, 185, 337:
"788": 113, 345, 51, 202: 215, 329, 163, 181: 137, 171, 188, 334:
"789": 44, 202, 98, 351: 218, 329, 165, 174: 141, 174, 192, 335:
"790": 98, 348, 33, 196: 223, 326, 172, 178: 142, 176, 202, 337:
"791": 33, 201, 85, 344: 236, 328, 182, 171: 144, 186, 206, 333:
"792": 81, 343, 33, 200: 239, 331, 186, 172: 157, 183, 206, 335:
"793": 26, 197, 74, 349: 241, 328, 191, 174: 210, 334, 157, 181:
"794": 72, 349, 17, 201: 246, 328, 195, 174: 162, 174, 215, 335:
"795": 15, 202, 65, 351: 257, 330, 200, 177: 215, 335, 171, 176:
"796": 61, 343, 8, 205: 266, 329, 200, 174: 173, 171, 234, 335:
"797": 63, 352, 5, 201: 265, 324, 209, 180: 234, 335, 178, 167:
"798": 56, 347, 1, 201: 271, 319, 213, 177: 181, 168, 241, 338:
"799": 56, 344, -6, 201: 282, 329, 215, 178: 245, 335, 188, 174:
"200": 49, 347, 2, 201: 280, 324, 222, 171: 194, 172, 251, 335:
"201": 48, 348, 3, 200: 283, 325, 227, 173: 257, 340, 197, 172:.
